# release: pcb 20110918

# To read pcb files, the pcb version (or the git source date) must be >= the file version
FileVersion[20070407]

PCB["ATneko44" 196850 118110]

Grid[39.4 39 14 1]
Cursor[57795 49975 0.000000]
PolyArea[3100.006200]
Thermal[0.500000]
DRC[1000 1000 1000 1000 1500 1000]
Flags("nameonpcb,uniquename,clearnew,snappin")
Groups("1,c:2:3:4:5:6,s:7:8")
Styles["Signal,2756,7874,3150,984:Power,4724,7874,3150,3937:Fat,4000,6000,3500,1000:Skinny,600,2402,1181,600"]

Symbol[' ' 1800]
(
)
Symbol['!' 1200]
(
	SymbolLine[0 4500 0 5000 800]
	SymbolLine[0 1000 0 3500 800]
)
Symbol['"' 1200]
(
	SymbolLine[0 1000 0 2000 800]
	SymbolLine[1000 1000 1000 2000 800]
)
Symbol['#' 1200]
(
	SymbolLine[0 3500 2000 3500 800]
	SymbolLine[0 2500 2000 2500 800]
	SymbolLine[1500 2000 1500 4000 800]
	SymbolLine[500 2000 500 4000 800]
)
Symbol['$' 1200]
(
	SymbolLine[1500 1500 2000 2000 800]
	SymbolLine[500 1500 1500 1500 800]
	SymbolLine[0 2000 500 1500 800]
	SymbolLine[0 2000 0 2500 800]
	SymbolLine[0 2500 500 3000 800]
	SymbolLine[500 3000 1500 3000 800]
	SymbolLine[1500 3000 2000 3500 800]
	SymbolLine[2000 3500 2000 4000 800]
	SymbolLine[1500 4500 2000 4000 800]
	SymbolLine[500 4500 1500 4500 800]
	SymbolLine[0 4000 500 4500 800]
	SymbolLine[1000 1000 1000 5000 800]
)
Symbol['%' 1200]
(
	SymbolLine[0 1500 0 2000 800]
	SymbolLine[0 1500 500 1000 800]
	SymbolLine[500 1000 1000 1000 800]
	SymbolLine[1000 1000 1500 1500 800]
	SymbolLine[1500 1500 1500 2000 800]
	SymbolLine[1000 2500 1500 2000 800]
	SymbolLine[500 2500 1000 2500 800]
	SymbolLine[0 2000 500 2500 800]
	SymbolLine[0 5000 4000 1000 800]
	SymbolLine[3500 5000 4000 4500 800]
	SymbolLine[4000 4000 4000 4500 800]
	SymbolLine[3500 3500 4000 4000 800]
	SymbolLine[3000 3500 3500 3500 800]
	SymbolLine[2500 4000 3000 3500 800]
	SymbolLine[2500 4000 2500 4500 800]
	SymbolLine[2500 4500 3000 5000 800]
	SymbolLine[3000 5000 3500 5000 800]
)
Symbol['&' 1200]
(
	SymbolLine[0 4500 500 5000 800]
	SymbolLine[0 1500 0 2500 800]
	SymbolLine[0 1500 500 1000 800]
	SymbolLine[0 3500 1500 2000 800]
	SymbolLine[500 5000 1000 5000 800]
	SymbolLine[1000 5000 2000 4000 800]
	SymbolLine[0 2500 2500 5000 800]
	SymbolLine[500 1000 1000 1000 800]
	SymbolLine[1000 1000 1500 1500 800]
	SymbolLine[1500 1500 1500 2000 800]
	SymbolLine[0 3500 0 4500 800]
)
Symbol[''' 1200]
(
	SymbolLine[0 2000 1000 1000 800]
)
Symbol['(' 1200]
(
	SymbolLine[0 4500 500 5000 800]
	SymbolLine[0 1500 500 1000 800]
	SymbolLine[0 1500 0 4500 800]
)
Symbol[')' 1200]
(
	SymbolLine[0 1000 500 1500 800]
	SymbolLine[500 1500 500 4500 800]
	SymbolLine[0 5000 500 4500 800]
)
Symbol['*' 1200]
(
	SymbolLine[0 2000 2000 4000 800]
	SymbolLine[0 4000 2000 2000 800]
	SymbolLine[0 3000 2000 3000 800]
	SymbolLine[1000 2000 1000 4000 800]
)
Symbol['+' 1200]
(
	SymbolLine[0 3000 2000 3000 800]
	SymbolLine[1000 2000 1000 4000 800]
)
Symbol[',' 1200]
(
	SymbolLine[0 6000 1000 5000 800]
)
Symbol['-' 1200]
(
	SymbolLine[0 3000 2000 3000 800]
)
Symbol['.' 1200]
(
	SymbolLine[0 5000 500 5000 800]
)
Symbol['/' 1200]
(
	SymbolLine[0 4500 3000 1500 800]
)
Symbol['0' 1200]
(
	SymbolLine[0 4500 500 5000 800]
	SymbolLine[0 1500 0 4500 800]
	SymbolLine[0 1500 500 1000 800]
	SymbolLine[500 1000 1500 1000 800]
	SymbolLine[1500 1000 2000 1500 800]
	SymbolLine[2000 1500 2000 4500 800]
	SymbolLine[1500 5000 2000 4500 800]
	SymbolLine[500 5000 1500 5000 800]
	SymbolLine[0 4000 2000 2000 800]
)
Symbol['1' 1200]
(
	SymbolLine[0 1800 800 1000 800]
	SymbolLine[800 1000 800 5000 800]
	SymbolLine[0 5000 1500 5000 800]
)
Symbol['2' 1200]
(
	SymbolLine[0 1500 500 1000 800]
	SymbolLine[500 1000 2000 1000 800]
	SymbolLine[2000 1000 2500 1500 800]
	SymbolLine[2500 1500 2500 2500 800]
	SymbolLine[0 5000 2500 2500 800]
	SymbolLine[0 5000 2500 5000 800]
)
Symbol['3' 1200]
(
	SymbolLine[0 1500 500 1000 800]
	SymbolLine[500 1000 1500 1000 800]
	SymbolLine[1500 1000 2000 1500 800]
	SymbolLine[1500 5000 2000 4500 800]
	SymbolLine[500 5000 1500 5000 800]
	SymbolLine[0 4500 500 5000 800]
	SymbolLine[500 2800 1500 2800 800]
	SymbolLine[2000 1500 2000 2300 800]
	SymbolLine[2000 3300 2000 4500 800]
	SymbolLine[2000 3300 1500 2800 800]
	SymbolLine[2000 2300 1500 2800 800]
)
Symbol['4' 1200]
(
	SymbolLine[0 3500 2000 1000 800]
	SymbolLine[0 3500 2500 3500 800]
	SymbolLine[2000 1000 2000 5000 800]
)
Symbol['5' 1200]
(
	SymbolLine[0 1000 2000 1000 800]
	SymbolLine[0 1000 0 3000 800]
	SymbolLine[0 3000 500 2500 800]
	SymbolLine[500 2500 1500 2500 800]
	SymbolLine[1500 2500 2000 3000 800]
	SymbolLine[2000 3000 2000 4500 800]
	SymbolLine[1500 5000 2000 4500 800]
	SymbolLine[500 5000 1500 5000 800]
	SymbolLine[0 4500 500 5000 800]
)
Symbol['6' 1200]
(
	SymbolLine[1500 1000 2000 1500 800]
	SymbolLine[500 1000 1500 1000 800]
	SymbolLine[0 1500 500 1000 800]
	SymbolLine[0 1500 0 4500 800]
	SymbolLine[0 4500 500 5000 800]
	SymbolLine[1500 2800 2000 3300 800]
	SymbolLine[0 2800 1500 2800 800]
	SymbolLine[500 5000 1500 5000 800]
	SymbolLine[1500 5000 2000 4500 800]
	SymbolLine[2000 3300 2000 4500 800]
)
Symbol['7' 1200]
(
	SymbolLine[500 5000 2500 1000 800]
	SymbolLine[0 1000 2500 1000 800]
)
Symbol['8' 1200]
(
	SymbolLine[0 4500 500 5000 800]
	SymbolLine[0 3700 0 4500 800]
	SymbolLine[0 3700 700 3000 800]
	SymbolLine[700 3000 1300 3000 800]
	SymbolLine[1300 3000 2000 3700 800]
	SymbolLine[2000 3700 2000 4500 800]
	SymbolLine[1500 5000 2000 4500 800]
	SymbolLine[500 5000 1500 5000 800]
	SymbolLine[0 2300 700 3000 800]
	SymbolLine[0 1500 0 2300 800]
	SymbolLine[0 1500 500 1000 800]
	SymbolLine[500 1000 1500 1000 800]
	SymbolLine[1500 1000 2000 1500 800]
	SymbolLine[2000 1500 2000 2300 800]
	SymbolLine[1300 3000 2000 2300 800]
)
Symbol['9' 1200]
(
	SymbolLine[500 5000 2000 3000 800]
	SymbolLine[2000 1500 2000 3000 800]
	SymbolLine[1500 1000 2000 1500 800]
	SymbolLine[500 1000 1500 1000 800]
	SymbolLine[0 1500 500 1000 800]
	SymbolLine[0 1500 0 2500 800]
	SymbolLine[0 2500 500 3000 800]
	SymbolLine[500 3000 2000 3000 800]
)
Symbol[':' 1200]
(
	SymbolLine[0 2500 500 2500 800]
	SymbolLine[0 3500 500 3500 800]
)
Symbol[';' 1200]
(
	SymbolLine[0 5000 1000 4000 800]
	SymbolLine[1000 2500 1000 3000 800]
)
Symbol['<' 1200]
(
	SymbolLine[0 3000 1000 2000 800]
	SymbolLine[0 3000 1000 4000 800]
)
Symbol['=' 1200]
(
	SymbolLine[0 2500 2000 2500 800]
	SymbolLine[0 3500 2000 3500 800]
)
Symbol['>' 1200]
(
	SymbolLine[0 2000 1000 3000 800]
	SymbolLine[0 4000 1000 3000 800]
)
Symbol['?' 1200]
(
	SymbolLine[1000 3000 1000 3500 800]
	SymbolLine[1000 4500 1000 5000 800]
	SymbolLine[0 1500 0 2000 800]
	SymbolLine[0 1500 500 1000 800]
	SymbolLine[500 1000 1500 1000 800]
	SymbolLine[1500 1000 2000 1500 800]
	SymbolLine[2000 1500 2000 2000 800]
	SymbolLine[1000 3000 2000 2000 800]
)
Symbol['@' 1200]
(
	SymbolLine[0 1000 0 4000 800]
	SymbolLine[0 4000 1000 5000 800]
	SymbolLine[1000 5000 4000 5000 800]
	SymbolLine[5000 3500 5000 1000 800]
	SymbolLine[5000 1000 4000 0 800]
	SymbolLine[4000 0 1000 0 800]
	SymbolLine[1000 0 0 1000 800]
	SymbolLine[1500 2000 1500 3000 800]
	SymbolLine[1500 3000 2000 3500 800]
	SymbolLine[2000 3500 3000 3500 800]
	SymbolLine[3000 3500 3500 3000 800]
	SymbolLine[3500 3000 4000 3500 800]
	SymbolLine[3500 3000 3500 1500 800]
	SymbolLine[3500 2000 3000 1500 800]
	SymbolLine[2000 1500 3000 1500 800]
	SymbolLine[2000 1500 1500 2000 800]
	SymbolLine[4000 3500 5000 3500 800]
)
Symbol['A' 1200]
(
	SymbolLine[0 2000 0 5000 800]
	SymbolLine[0 2000 700 1000 800]
	SymbolLine[700 1000 1800 1000 800]
	SymbolLine[1800 1000 2500 2000 800]
	SymbolLine[2500 2000 2500 5000 800]
	SymbolLine[0 3000 2500 3000 800]
)
Symbol['B' 1200]
(
	SymbolLine[0 5000 2000 5000 800]
	SymbolLine[2000 5000 2500 4500 800]
	SymbolLine[2500 3300 2500 4500 800]
	SymbolLine[2000 2800 2500 3300 800]
	SymbolLine[500 2800 2000 2800 800]
	SymbolLine[500 1000 500 5000 800]
	SymbolLine[0 1000 2000 1000 800]
	SymbolLine[2000 1000 2500 1500 800]
	SymbolLine[2500 1500 2500 2300 800]
	SymbolLine[2000 2800 2500 2300 800]
)
Symbol['C' 1200]
(
	SymbolLine[700 5000 2000 5000 800]
	SymbolLine[0 4300 700 5000 800]
	SymbolLine[0 1700 0 4300 800]
	SymbolLine[0 1700 700 1000 800]
	SymbolLine[700 1000 2000 1000 800]
)
Symbol['D' 1200]
(
	SymbolLine[500 1000 500 5000 800]
	SymbolLine[1800 1000 2500 1700 800]
	SymbolLine[2500 1700 2500 4300 800]
	SymbolLine[1800 5000 2500 4300 800]
	SymbolLine[0 5000 1800 5000 800]
	SymbolLine[0 1000 1800 1000 800]
)
Symbol['E' 1200]
(
	SymbolLine[0 2800 1500 2800 800]
	SymbolLine[0 5000 2000 5000 800]
	SymbolLine[0 1000 0 5000 800]
	SymbolLine[0 1000 2000 1000 800]
)
Symbol['F' 1200]
(
	SymbolLine[0 1000 0 5000 800]
	SymbolLine[0 1000 2000 1000 800]
	SymbolLine[0 2800 1500 2800 800]
)
Symbol['G' 1200]
(
	SymbolLine[2000 1000 2500 1500 800]
	SymbolLine[500 1000 2000 1000 800]
	SymbolLine[0 1500 500 1000 800]
	SymbolLine[0 1500 0 4500 800]
	SymbolLine[0 4500 500 5000 800]
	SymbolLine[500 5000 2000 5000 800]
	SymbolLine[2000 5000 2500 4500 800]
	SymbolLine[2500 3500 2500 4500 800]
	SymbolLine[2000 3000 2500 3500 800]
	SymbolLine[1000 3000 2000 3000 800]
)
Symbol['H' 1200]
(
	SymbolLine[0 1000 0 5000 800]
	SymbolLine[2500 1000 2500 5000 800]
	SymbolLine[0 3000 2500 3000 800]
)
Symbol['I' 1200]
(
	SymbolLine[0 1000 1000 1000 800]
	SymbolLine[500 1000 500 5000 800]
	SymbolLine[0 5000 1000 5000 800]
)
Symbol['J' 1200]
(
	SymbolLine[700 1000 1500 1000 800]
	SymbolLine[1500 1000 1500 4500 800]
	SymbolLine[1000 5000 1500 4500 800]
	SymbolLine[500 5000 1000 5000 800]
	SymbolLine[0 4500 500 5000 800]
	SymbolLine[0 4500 0 4000 800]
)
Symbol['K' 1200]
(
	SymbolLine[0 1000 0 5000 800]
	SymbolLine[0 3000 2000 1000 800]
	SymbolLine[0 3000 2000 5000 800]
)
Symbol['L' 1200]
(
	SymbolLine[0 1000 0 5000 800]
	SymbolLine[0 5000 2000 5000 800]
)
Symbol['M' 1200]
(
	SymbolLine[0 1000 0 5000 800]
	SymbolLine[0 1000 1500 3000 800]
	SymbolLine[1500 3000 3000 1000 800]
	SymbolLine[3000 1000 3000 5000 800]
)
Symbol['N' 1200]
(
	SymbolLine[0 1000 0 5000 800]
	SymbolLine[0 1000 2500 5000 800]
	SymbolLine[2500 1000 2500 5000 800]
)
Symbol['O' 1200]
(
	SymbolLine[0 1500 0 4500 800]
	SymbolLine[0 1500 500 1000 800]
	SymbolLine[500 1000 1500 1000 800]
	SymbolLine[1500 1000 2000 1500 800]
	SymbolLine[2000 1500 2000 4500 800]
	SymbolLine[1500 5000 2000 4500 800]
	SymbolLine[500 5000 1500 5000 800]
	SymbolLine[0 4500 500 5000 800]
)
Symbol['P' 1200]
(
	SymbolLine[500 1000 500 5000 800]
	SymbolLine[0 1000 2000 1000 800]
	SymbolLine[2000 1000 2500 1500 800]
	SymbolLine[2500 1500 2500 2500 800]
	SymbolLine[2000 3000 2500 2500 800]
	SymbolLine[500 3000 2000 3000 800]
)
Symbol['Q' 1200]
(
	SymbolLine[0 1500 0 4500 800]
	SymbolLine[0 1500 500 1000 800]
	SymbolLine[500 1000 1500 1000 800]
	SymbolLine[1500 1000 2000 1500 800]
	SymbolLine[2000 1500 2000 4000 800]
	SymbolLine[1000 5000 2000 4000 800]
	SymbolLine[500 5000 1000 5000 800]
	SymbolLine[0 4500 500 5000 800]
	SymbolLine[1000 3500 2000 5000 800]
)
Symbol['R' 1200]
(
	SymbolLine[0 1000 2000 1000 800]
	SymbolLine[2000 1000 2500 1500 800]
	SymbolLine[2500 1500 2500 2500 800]
	SymbolLine[2000 3000 2500 2500 800]
	SymbolLine[500 3000 2000 3000 800]
	SymbolLine[500 1000 500 5000 800]
	SymbolLine[1300 3000 2500 5000 800]
)
Symbol['S' 1200]
(
	SymbolLine[2000 1000 2500 1500 800]
	SymbolLine[500 1000 2000 1000 800]
	SymbolLine[0 1500 500 1000 800]
	SymbolLine[0 1500 0 2500 800]
	SymbolLine[0 2500 500 3000 800]
	SymbolLine[500 3000 2000 3000 800]
	SymbolLine[2000 3000 2500 3500 800]
	SymbolLine[2500 3500 2500 4500 800]
	SymbolLine[2000 5000 2500 4500 800]
	SymbolLine[500 5000 2000 5000 800]
	SymbolLine[0 4500 500 5000 800]
)
Symbol['T' 1200]
(
	SymbolLine[0 1000 2000 1000 800]
	SymbolLine[1000 1000 1000 5000 800]
)
Symbol['U' 1200]
(
	SymbolLine[0 1000 0 4500 800]
	SymbolLine[0 4500 500 5000 800]
	SymbolLine[500 5000 1500 5000 800]
	SymbolLine[1500 5000 2000 4500 800]
	SymbolLine[2000 1000 2000 4500 800]
)
Symbol['V' 1200]
(
	SymbolLine[0 1000 1000 5000 800]
	SymbolLine[1000 5000 2000 1000 800]
)
Symbol['W' 1200]
(
	SymbolLine[0 1000 0 3000 800]
	SymbolLine[0 3000 500 5000 800]
	SymbolLine[500 5000 1500 3000 800]
	SymbolLine[1500 3000 2500 5000 800]
	SymbolLine[2500 5000 3000 3000 800]
	SymbolLine[3000 3000 3000 1000 800]
)
Symbol['X' 1200]
(
	SymbolLine[0 5000 2500 1000 800]
	SymbolLine[0 1000 2500 5000 800]
)
Symbol['Y' 1200]
(
	SymbolLine[0 1000 1000 3000 800]
	SymbolLine[1000 3000 2000 1000 800]
	SymbolLine[1000 3000 1000 5000 800]
)
Symbol['Z' 1200]
(
	SymbolLine[0 1000 2500 1000 800]
	SymbolLine[0 5000 2500 1000 800]
	SymbolLine[0 5000 2500 5000 800]
)
Symbol['[' 1200]
(
	SymbolLine[0 1000 500 1000 800]
	SymbolLine[0 1000 0 5000 800]
	SymbolLine[0 5000 500 5000 800]
)
Symbol['\' 1200]
(
	SymbolLine[0 1500 3000 4500 800]
)
Symbol[']' 1200]
(
	SymbolLine[0 1000 500 1000 800]
	SymbolLine[500 1000 500 5000 800]
	SymbolLine[0 5000 500 5000 800]
)
Symbol['^' 1200]
(
	SymbolLine[0 1500 500 1000 800]
	SymbolLine[500 1000 1000 1500 800]
)
Symbol['_' 1200]
(
	SymbolLine[0 5000 2000 5000 800]
)
Symbol['a' 1200]
(
	SymbolLine[1500 3000 2000 3500 800]
	SymbolLine[500 3000 1500 3000 800]
	SymbolLine[0 3500 500 3000 800]
	SymbolLine[0 3500 0 4500 800]
	SymbolLine[0 4500 500 5000 800]
	SymbolLine[2000 3000 2000 4500 800]
	SymbolLine[2000 4500 2500 5000 800]
	SymbolLine[500 5000 1500 5000 800]
	SymbolLine[1500 5000 2000 4500 800]
)
Symbol['b' 1200]
(
	SymbolLine[0 1000 0 5000 800]
	SymbolLine[0 4500 500 5000 800]
	SymbolLine[500 5000 1500 5000 800]
	SymbolLine[1500 5000 2000 4500 800]
	SymbolLine[2000 3500 2000 4500 800]
	SymbolLine[1500 3000 2000 3500 800]
	SymbolLine[500 3000 1500 3000 800]
	SymbolLine[0 3500 500 3000 800]
)
Symbol['c' 1200]
(
	SymbolLine[500 3000 2000 3000 800]
	SymbolLine[0 3500 500 3000 800]
	SymbolLine[0 3500 0 4500 800]
	SymbolLine[0 4500 500 5000 800]
	SymbolLine[500 5000 2000 5000 800]
)
Symbol['d' 1200]
(
	SymbolLine[2000 1000 2000 5000 800]
	SymbolLine[1500 5000 2000 4500 800]
	SymbolLine[500 5000 1500 5000 800]
	SymbolLine[0 4500 500 5000 800]
	SymbolLine[0 3500 0 4500 800]
	SymbolLine[0 3500 500 3000 800]
	SymbolLine[500 3000 1500 3000 800]
	SymbolLine[1500 3000 2000 3500 800]
)
Symbol['e' 1200]
(
	SymbolLine[500 5000 2000 5000 800]
	SymbolLine[0 4500 500 5000 800]
	SymbolLine[0 3500 0 4500 800]
	SymbolLine[0 3500 500 3000 800]
	SymbolLine[500 3000 1500 3000 800]
	SymbolLine[1500 3000 2000 3500 800]
	SymbolLine[0 4000 2000 4000 800]
	SymbolLine[2000 4000 2000 3500 800]
)
Symbol['f' 1000]
(
	SymbolLine[500 1500 500 5000 800]
	SymbolLine[500 1500 1000 1000 800]
	SymbolLine[1000 1000 1500 1000 800]
	SymbolLine[0 3000 1000 3000 800]
)
Symbol['g' 1200]
(
	SymbolLine[1500 3000 2000 3500 800]
	SymbolLine[500 3000 1500 3000 800]
	SymbolLine[0 3500 500 3000 800]
	SymbolLine[0 3500 0 4500 800]
	SymbolLine[0 4500 500 5000 800]
	SymbolLine[500 5000 1500 5000 800]
	SymbolLine[1500 5000 2000 4500 800]
	SymbolLine[0 6000 500 6500 800]
	SymbolLine[500 6500 1500 6500 800]
	SymbolLine[1500 6500 2000 6000 800]
	SymbolLine[2000 3000 2000 6000 800]
)
Symbol['h' 1200]
(
	SymbolLine[0 1000 0 5000 800]
	SymbolLine[0 3500 500 3000 800]
	SymbolLine[500 3000 1500 3000 800]
	SymbolLine[1500 3000 2000 3500 800]
	SymbolLine[2000 3500 2000 5000 800]
)
Symbol['i' 1000]
(
	SymbolLine[0 2000 0 2100 1000]
	SymbolLine[0 3500 0 5000 800]
)
Symbol['j' 1000]
(
	SymbolLine[500 2000 500 2100 1000]
	SymbolLine[500 3500 500 6000 800]
	SymbolLine[0 6500 500 6000 800]
)
Symbol['k' 1200]
(
	SymbolLine[0 1000 0 5000 800]
	SymbolLine[0 3500 1500 5000 800]
	SymbolLine[0 3500 1000 2500 800]
)
Symbol['l' 1000]
(
	SymbolLine[0 1000 0 4500 800]
	SymbolLine[0 4500 500 5000 800]
)
Symbol['m' 1200]
(
	SymbolLine[500 3500 500 5000 800]
	SymbolLine[500 3500 1000 3000 800]
	SymbolLine[1000 3000 1500 3000 800]
	SymbolLine[1500 3000 2000 3500 800]
	SymbolLine[2000 3500 2000 5000 800]
	SymbolLine[2000 3500 2500 3000 800]
	SymbolLine[2500 3000 3000 3000 800]
	SymbolLine[3000 3000 3500 3500 800]
	SymbolLine[3500 3500 3500 5000 800]
	SymbolLine[0 3000 500 3500 800]
)
Symbol['n' 1200]
(
	SymbolLine[500 3500 500 5000 800]
	SymbolLine[500 3500 1000 3000 800]
	SymbolLine[1000 3000 1500 3000 800]
	SymbolLine[1500 3000 2000 3500 800]
	SymbolLine[2000 3500 2000 5000 800]
	SymbolLine[0 3000 500 3500 800]
)
Symbol['o' 1200]
(
	SymbolLine[0 3500 0 4500 800]
	SymbolLine[0 3500 500 3000 800]
	SymbolLine[500 3000 1500 3000 800]
	SymbolLine[1500 3000 2000 3500 800]
	SymbolLine[2000 3500 2000 4500 800]
	SymbolLine[1500 5000 2000 4500 800]
	SymbolLine[500 5000 1500 5000 800]
	SymbolLine[0 4500 500 5000 800]
)
Symbol['p' 1200]
(
	SymbolLine[500 3500 500 6500 800]
	SymbolLine[0 3000 500 3500 800]
	SymbolLine[500 3500 1000 3000 800]
	SymbolLine[1000 3000 2000 3000 800]
	SymbolLine[2000 3000 2500 3500 800]
	SymbolLine[2500 3500 2500 4500 800]
	SymbolLine[2000 5000 2500 4500 800]
	SymbolLine[1000 5000 2000 5000 800]
	SymbolLine[500 4500 1000 5000 800]
)
Symbol['q' 1200]
(
	SymbolLine[2000 3500 2000 6500 800]
	SymbolLine[1500 3000 2000 3500 800]
	SymbolLine[500 3000 1500 3000 800]
	SymbolLine[0 3500 500 3000 800]
	SymbolLine[0 3500 0 4500 800]
	SymbolLine[0 4500 500 5000 800]
	SymbolLine[500 5000 1500 5000 800]
	SymbolLine[1500 5000 2000 4500 800]
)
Symbol['r' 1200]
(
	SymbolLine[500 3500 500 5000 800]
	SymbolLine[500 3500 1000 3000 800]
	SymbolLine[1000 3000 2000 3000 800]
	SymbolLine[0 3000 500 3500 800]
)
Symbol['s' 1200]
(
	SymbolLine[500 5000 2000 5000 800]
	SymbolLine[2000 5000 2500 4500 800]
	SymbolLine[2000 4000 2500 4500 800]
	SymbolLine[500 4000 2000 4000 800]
	SymbolLine[0 3500 500 4000 800]
	SymbolLine[0 3500 500 3000 800]
	SymbolLine[500 3000 2000 3000 800]
	SymbolLine[2000 3000 2500 3500 800]
	SymbolLine[0 4500 500 5000 800]
)
Symbol['t' 1000]
(
	SymbolLine[500 1000 500 4500 800]
	SymbolLine[500 4500 1000 5000 800]
	SymbolLine[0 2500 1000 2500 800]
)
Symbol['u' 1200]
(
	SymbolLine[0 3000 0 4500 800]
	SymbolLine[0 4500 500 5000 800]
	SymbolLine[500 5000 1500 5000 800]
	SymbolLine[1500 5000 2000 4500 800]
	SymbolLine[2000 3000 2000 4500 800]
)
Symbol['v' 1200]
(
	SymbolLine[0 3000 1000 5000 800]
	SymbolLine[2000 3000 1000 5000 800]
)
Symbol['w' 1200]
(
	SymbolLine[0 3000 0 4500 800]
	SymbolLine[0 4500 500 5000 800]
	SymbolLine[500 5000 1000 5000 800]
	SymbolLine[1000 5000 1500 4500 800]
	SymbolLine[1500 3000 1500 4500 800]
	SymbolLine[1500 4500 2000 5000 800]
	SymbolLine[2000 5000 2500 5000 800]
	SymbolLine[2500 5000 3000 4500 800]
	SymbolLine[3000 3000 3000 4500 800]
)
Symbol['x' 1200]
(
	SymbolLine[0 3000 2000 5000 800]
	SymbolLine[0 5000 2000 3000 800]
)
Symbol['y' 1200]
(
	SymbolLine[0 3000 0 4500 800]
	SymbolLine[0 4500 500 5000 800]
	SymbolLine[2000 3000 2000 6000 800]
	SymbolLine[1500 6500 2000 6000 800]
	SymbolLine[500 6500 1500 6500 800]
	SymbolLine[0 6000 500 6500 800]
	SymbolLine[500 5000 1500 5000 800]
	SymbolLine[1500 5000 2000 4500 800]
)
Symbol['z' 1200]
(
	SymbolLine[0 3000 2000 3000 800]
	SymbolLine[0 5000 2000 3000 800]
	SymbolLine[0 5000 2000 5000 800]
)
Symbol['{' 1200]
(
	SymbolLine[500 1500 1000 1000 800]
	SymbolLine[500 1500 500 2500 800]
	SymbolLine[0 3000 500 2500 800]
	SymbolLine[0 3000 500 3500 800]
	SymbolLine[500 3500 500 4500 800]
	SymbolLine[500 4500 1000 5000 800]
)
Symbol['|' 1200]
(
	SymbolLine[0 1000 0 5000 800]
)
Symbol['}' 1200]
(
	SymbolLine[0 1000 500 1500 800]
	SymbolLine[500 1500 500 2500 800]
	SymbolLine[500 2500 1000 3000 800]
	SymbolLine[500 3500 1000 3000 800]
	SymbolLine[500 3500 500 4500 800]
	SymbolLine[0 5000 500 4500 800]
)
Symbol['~' 1200]
(
	SymbolLine[0 3500 500 3000 800]
	SymbolLine[500 3000 1000 3000 800]
	SymbolLine[1000 3000 1500 3500 800]
	SymbolLine[1500 3500 2000 3500 800]
	SymbolLine[2000 3500 2500 3000 800]
)
Attribute("PCB::grid::unit" "mm")
Attribute("import::src0" "(null)")
Via[11811 11811 7874 7874 0 3150 "" ""]
Via[11811 21811 7874 7874 0 3150 "" ""]
Via[11811 31811 7874 7874 0 3150 "" ""]
Via[11811 86299 7874 7874 0 3150 "" ""]
Via[11811 96299 7874 7874 0 3150 "" ""]
Via[11811 106299 7874 7874 0 3150 "" ""]
Via[185039 86299 7874 7874 0 3150 "" ""]
Via[185039 96299 7874 7874 0 3150 "" ""]
Via[185039 106299 7874 7874 0 3150 "" ""]
Via[185039 11811 7874 7874 0 3150 "" ""]
Via[185039 21811 7874 7874 0 3150 "" ""]
Via[185039 31811 7874 7874 0 3150 "" ""]
Via[2362 59055 7874 7874 0 3150 "" ""]
Via[21260 59055 7874 7874 0 3150 "" ""]
Via[175591 59055 7874 7874 0 3150 "" ""]
Via[194488 59055 7874 7874 0 3150 "" ""]
Via[86626 86628 7874 1968 0 3150 "" ""]
Via[76626 86628 7874 1968 0 3150 "" ""]
Via[66626 86628 7874 1968 0 3150 "" ""]
Via[56626 86628 7874 1968 0 3150 "" ""]
Via[46626 86628 7874 1968 0 3150 "" ""]
Via[165354 20880 7874 7874 0 3150 "" ""]
Via[165354 30880 7874 7874 0 3150 "" ""]
Via[165354 40880 7874 7874 0 3150 "" ""]
Via[71496 31510 7874 1968 0 3150 "" ""]
Via[108268 2376 7874 1968 0 3150 "" ""]
Via[149606 51195 7874 1968 0 3150 "" ""]
Via[149606 78754 7874 1968 0 3150 "" ""]
Via[100394 96471 7874 1968 0 3150 "" ""]
Via[100394 115762 7874 1968 0 3150 "" ""]
Via[131890 39384 7874 1968 0 3150 "" ""]
Via[108268 42534 7874 1968 0 3150 "" ""]
Via[131890 89384 7874 7874 0 3150 "" ""]

Element["" "R 0.25W" "" "0.25W Resistor (300 mil)" 120787 39384 2000 12000 3 100 ""]
(
	Pin[0 0 6800 3000 7400 3800 "1" "1" "square"]
	Pin[0 40000 6800 3000 7400 3800 "2" "2" ""]
	ElementLine [5000 10000 5000 30000 2000]
	ElementLine [-5000 30000 5000 30000 2000]
	ElementLine [-5000 10000 -5000 30000 2000]
	ElementLine [-5000 10000 5000 10000 2000]
	ElementLine [0 0 0 10000 2000]
	ElementLine [0 30000 0 40000 2000]

	)

Element["" "SMT transistor, 4 pins" "" "SOT223" 108280 50069 32900 25300 2 100 ""]
(
	Pad[-3300 0 3300 0 5600 3000 6200 "1" "1" "square"]
	Pad[-3300 9000 3300 9000 5600 3000 6200 "2" "2" "square"]
	Pad[-3300 18100 3300 18100 5600 3000 6200 "3" "3" "square"]
	Pad[24400 4500 24400 13500 12200 3000 12800 "4" "4" "square"]
	ElementLine [-8500 -5200 32900 -5200 1000]
	ElementLine [-8500 -5200 -8500 23300 1000]
	ElementLine [-8500 23300 32900 23300 1000]
	ElementLine [32900 -5200 32900 23300 1000]

	)

Element["" "generic" "" "DIL 14 300" 91508 44069 -5000 17000 2 100 ""]
(
	Pin[0 0 6000 3000 6600 2800 "1" "1" "square,edge2"]
	Pin[-10000 0 6000 3000 6600 2800 "2" "2" "edge2"]
	Pin[-20000 0 6000 3000 6600 2800 "3" "3" "edge2"]
	Pin[-30000 0 6000 3000 6600 2800 "4" "4" "edge2"]
	Pin[-40000 0 6000 3000 6600 2800 "5" "5" "edge2"]
	Pin[-50000 0 6000 3000 6600 2800 "6" "6" "edge2"]
	Pin[-60000 0 6000 3000 6600 2800 "7" "7" "edge2"]
	Pin[-60000 30000 6000 3000 6600 2800 "8" "8" "edge2"]
	Pin[-50000 30000 6000 3000 6600 2800 "9" "9" "edge2"]
	Pin[-40000 30000 6000 3000 6600 2800 "10" "10" "edge2"]
	Pin[-30000 30000 6000 3000 6600 2800 "11" "11" "edge2"]
	Pin[-20000 30000 6000 3000 6600 2800 "12" "12" "edge2"]
	Pin[-10000 30000 6000 3000 6600 2800 "13" "13" "edge2"]
	Pin[0 30000 6000 3000 6600 2800 "14" "14" "edge2"]
	ElementLine [-65000 -5000 5000 -5000 1000]
	ElementLine [-65000 -5000 -65000 35000 1000]
	ElementLine [-65000 35000 5000 35000 1000]
	ElementLine [5000 -5000 5000 10000 1000]
	ElementLine [5000 20000 5000 35000 1000]
	ElementArc [5000 15000 5000 5000 270 180 1000]

	)

Element["" "LED 3mm" "" "green" 131890 84384 -7000 10000 3 100 ""]
(
	Pin[0 -5000 6500 3000 7100 4300 "-" "1" "square"]
	Pin[0 5000 6500 3000 7100 4300 "+" "2" ""]
	ElementArc [0 0 3000 3000 315 90 1000]
	ElementArc [0 0 3000 3000 135 90 1000]
	ElementArc [0 0 5000 5000 315 90 1000]
	ElementArc [0 0 5000 5000 135 90 1000]

	)
Layer(1 "top")
(
	Line[100394 96471 100394 115762 2756 1968 "clearline"]
	Line[108268 2376 108268 42534 2756 1968 "clearline"]
)
Layer(2 "ground")
(
)
Layer(3 "signal2")
(
)
Layer(4 "signal3")
(
)
Layer(5 "power")
(
)
Layer(6 "bottom")
(
	Line[11811 86299 2362 86299 4724 7874 "clearline"]
	Line[185039 31811 194488 31811 4724 7874 "clearline"]
	Line[21260 21811 21260 21811 4724 7874 "clearline"]
	Line[185039 21811 175591 21811 4724 7874 "clearline"]
	Line[175591 21811 175591 21811 4724 7874 "clearline"]
	Line[175591 96299 185039 96299 4724 7874 "clearline"]
	Line[185039 96299 185039 96299 4724 7874 "clearline"]
	Line[31508 44069 31508 11825 2756 1968 "clearline"]
	Line[31508 11825 11825 11825 2756 1968 "clearline"]
	Line[11825 11825 11811 11811 2756 1968 "clearline"]
	Line[31508 74069 31508 106313 2756 1968 "clearline"]
	Line[31508 106313 11825 106313 2756 1968 "clearline"]
	Line[11825 106313 11811 106299 2756 1968 "clearline"]
	Line[86626 86628 86626 79187 2756 1968 "clearline"]
	Line[86626 79187 81508 74069 2756 1968 "clearline"]
	Line[76626 86628 76626 79187 2756 1968 "clearline"]
	Line[76626 79187 71508 74069 2756 1968 "clearline"]
	Line[66626 86628 66626 79187 2756 1968 "clearline"]
	Line[66626 79187 61508 74069 2756 1968 "clearline"]
	Line[56626 86628 56626 79187 2756 1968 "clearline"]
	Line[56626 79187 51508 74069 2756 1968 "clearline"]
	Line[106311 59069 81508 59069 2756 1968 "clearline"]
	Line[81508 59069 81508 74069 2756 1968 "clearline"]
	Line[2362 115762 194488 115762 4724 7874 "clearline"]
	Line[185039 106299 37416 106299 2756 1968 "clearline"]
	Line[37416 106299 37401 106313 2756 1968 "clearline"]
	Line[37401 106313 37401 78176 2756 1968 "clearline"]
	Line[37401 78176 41508 74069 2756 1968 "clearline"]
	Line[185039 11811 41510 11811 2756 1968 "clearline"]
	Line[41510 11811 41496 11825 2756 1968 "clearline"]
	Line[41496 11825 41496 44057 2756 1968 "clearline"]
	Line[41496 44057 41508 44069 2756 1968 "clearline"]
	Line[51496 44057 51508 44069 2756 1968 "clearline"]
	Line[71496 44057 71508 44069 2756 1968 "clearline"]
	Line[71496 31510 71496 44057 2756 1968 "clearline"]
	Line[46626 86628 46626 96459 2756 1968 "clearline"]
	Line[46626 96459 46614 96471 2756 1968 "clearline"]
	Line[46614 96471 149606 96471 2756 1968 "clearline"]
	Line[149606 96471 149606 51195 2756 1968 "clearline"]
	Line[165354 40880 159921 40880 2756 1968 "clearline"]
	Line[159921 40880 149606 51195 2756 1968 "clearline"]
	Line[165354 30880 160787 30880 2756 1968 "clearline"]
	Line[81496 44057 81508 44069 2756 1968 "clearline"]
	Line[108268 42534 108268 50290 2756 1968 "clearline"]
	Line[91496 33479 91496 44057 2756 1968 "clearline"]
	Line[91496 44057 91508 44069 2756 1968 "clearline"]
	Line[120787 79384 131890 79384 2756 1968 "clearline"]
	Line[131890 89384 131890 96471 2756 1968 "clearline"]
	Line[108268 68085 108268 96471 2756 1968 "clearline"]
	Line[11811 31811 2362 31811 4724 7874 "clearline"]
	Line[2362 2362 194488 2362 4724 7874 "clearline"]
	Line[21260 21811 2348 21811 4724 7874 "clearline"]
	Line[2348 21811 2323 21786 4724 7874 "clearline"]
	Line[2323 21786 2323 2362 4724 7874 "clearline"]
	Line[21260 21811 21260 21811 4724 7874 "clearline"]
	Line[21260 21811 21260 96274 4724 7874 "clearline"]
	Line[21260 96274 21260 96274 4724 7874 "clearline"]
	Line[21260 96274 11836 96274 4724 7874 "clearline"]
	Line[11836 96274 11811 96299 4724 7874 "clearline"]
	Line[2362 115762 2362 115762 4724 7874 "clearline"]
	Line[2362 115762 2362 31811 4724 7874 "clearline"]
	Line[2362 31811 2362 31811 4724 7874 "clearline"]
	Line[194488 31811 194488 115762 4724 7874 "clearline"]
	Line[185079 21811 194463 21811 4724 7874 "clearline"]
	Line[194463 21811 194488 21786 4724 7874 "clearline"]
	Line[194488 21786 194488 2362 4724 7874 "clearline"]
	Line[175591 59055 175591 21812 4724 7874 "clearline"]
	Line[175591 21812 175590 21811 4724 7874 "clearline"]
	Line[175591 59187 175591 96298 4724 7874 "clearline"]
	Line[175591 96298 175590 96299 4724 7874 "clearline"]
	Line[185039 86299 194474 86299 4724 7874 "clearline"]
	Line[194474 86299 194488 86313 4724 7874 "clearline"]
	Line[120787 39384 131890 39384 2756 1968 "clearline"]
	Line[51508 19699 164173 19699 2756 1968 "clearline"]
	Line[164173 19699 165354 20880 2756 1968 "clearline"]
	Line[51508 44069 51508 19711 2756 1968 "clearline"]
	Line[51508 19711 51496 19699 2756 1968 "clearline"]
	Line[91508 33479 120787 33479 2756 1968 "clearline"]
	Line[120787 33479 120787 39384 2756 1968 "clearline"]
	Line[156496 26589 160787 30880 2756 1968 "clearline"]
	Line[81508 26589 156496 26589 2756 1968 "clearline"]
	Line[81508 44069 81508 26616 2756 1968 "clearline"]
	Line[81508 26616 81535 26589 2756 1968 "clearline"]
)
Layer(7 "outline")
(
	Polygon("clearpoly")
	(
		[102165 47258] [114370 47258] [114370 52888] [102165 52888] 
	)
	Polygon("clearpoly")
	(
		[102165 56274] [114370 56274] [114370 61904] [102165 61904] 
	)
	Polygon("clearpoly")
	(
		[102165 65368] [114370 65368] [114370 70998] [102165 70998] 
	)
	Polygon("clearpoly")
	(
		[138779 48439] [126575 48439] [126575 69699] [138779 69699] 
	)
)
Layer(8 "spare")
(
)
Layer(9 "silk")
(
)
Layer(10 "silk")
(
	Text[160394 66038 0 100 "C1" "clearline"]
	Text[170394 37731 0 100 "GND" "clearline"]
	Text[170236 28006 0 100 "D1" "clearline"]
	Text[170157 17849 0 100 "D2" "clearline"]
	Text[139016 81313 0 100 "L1" "clearline"]
	Text[131026 66550 1 100 "LD1117" "clearline"]
	Text[48110 56195 0 100 "ATtiny44" "clearline"]
	Text[61299 28479 0 100 "B1" "clearline"]
	Text[118031 56707 0 100 "R1" "clearline"]
	Text[140394 38872 0 100 "C2" "clearline"]
)
